{
 "cells": [
  {
   "cell_type": "markdown",
   "metadata": {},
   "source": [
    "What could we predict the radio-to-optical link accuracy if we use current ICRF3 and Gaia DR2 solutions?\n",
    "\n",
    "Here I make a simulation."
   ]
  },
  {
   "cell_type": "code",
   "execution_count": 1,
   "metadata": {},
   "outputs": [],
   "source": [
    "from astropy.table import join\n",
    "import numpy as np\n",
    "from numpy import sqrt, deg2rad\n",
    "\n",
    "# My modules\n",
    "from my_progs.catalog.read_icrf import read_icrf3\n",
    "from my_progs.catalog.read_gaia import read_dr2_iers\n",
    "from my_progs.catalog.vsh_analysis import covariance_analysis\n",
    "from my_progs.catalog.pos_diff import radio_cat_diff_calc"
   ]
  },
  {
   "cell_type": "code",
   "execution_count": 2,
   "metadata": {},
   "outputs": [],
   "source": [
    "icrf3sx = read_icrf3(wv=\"sx\")\n",
    "icrf3k = read_icrf3(wv=\"k\")\n",
    "icrf3xka = read_icrf3(wv=\"xka\")\n",
    "\n",
    "gdr2 = read_dr2_iers()"
   ]
  },
  {
   "cell_type": "code",
   "execution_count": 3,
   "metadata": {},
   "outputs": [
    {
     "data": {
      "text/html": [
       "<i>Table length=2820</i>\n",
       "<table id=\"table4798217488\" class=\"table-striped table-bordered table-condensed\">\n",
       "<thead><tr><th>iers_name</th><th>ra_err_1</th><th>dec_err_1</th><th>pos_err_1</th><th>ra</th><th>ra_err_2</th><th>dec</th><th>dec_err_2</th><th>pos_err_2</th><th>dra</th><th>ddec</th><th>dra_err</th><th>ddec_err</th><th>dra_ddec_cov</th><th>ang_sep</th><th>pa</th><th>nor_ra</th><th>nor_dec</th><th>nor_sep</th></tr></thead>\n",
       "<thead><tr><th></th><th>mas</th><th>mas</th><th>mas</th><th>deg</th><th>mas</th><th>deg</th><th>mas</th><th>mas</th><th>mas</th><th>mas</th><th>mas</th><th>mas</th><th></th><th>mas</th><th>deg</th><th></th><th></th><th></th></tr></thead>\n",
       "<thead><tr><th>str8</th><th>float64</th><th>float64</th><th>float64</th><th>float64</th><th>float64</th><th>float64</th><th>float64</th><th>float64</th><th>float64</th><th>float64</th><th>float64</th><th>float64</th><th>float64</th><th>float64</th><th>float64</th><th>float64</th><th>float64</th><th>float64</th></tr></thead>\n",
       "<tr><td>0000-197</td><td>0.2043727812594762</td><td>0.4265</td><td>0.4266174244028753</td><td>0.8278123681512258</td><td>0.2387757610163772</td><td>-19.456209949035525</td><td>0.1922200644996743</td><td>0.24241216451703895</td><td>0.8485176818766118</td><td>0.08492789191905102</td><td>0.31429619432739525</td><td>0.4678149240845774</td><td>0.0024302487468421136</td><td>0.8527572944766131</td><td>84.28431757985423</td><td>2.699738963408288</td><td>0.18154164723418847</td><td>2.70320962823066</td></tr>\n",
       "<tr><td>0000-199</td><td>0.1321846666876117</td><td>0.29719999999999996</td><td>0.29858965139408694</td><td>0.8164555380378795</td><td>0.31214484752059934</td><td>-19.697333393384483</td><td>0.20132065134575663</td><td>0.31218319151974</td><td>1.056360388787443</td><td>-1.5887158596683546</td><td>0.33897963351943905</td><td>0.3589677487717799</td><td>-0.006536444802302853</td><td>1.9078562193626953</td><td>146.37948624103635</td><td>3.1162945626550904</td><td>-4.4257899633162</td><td>5.2818243603952375</td></tr>\n",
       "<tr><td>0001+459</td><td>0.11585246722802883</td><td>0.14079999999999998</td><td>0.1408340404339771</td><td>1.0671982239853723</td><td>0.7718284266351787</td><td>46.25499167308568</td><td>0.6969576827283192</td><td>0.777985787941841</td><td>0.7593523604880833</td><td>0.6420915639182566</td><td>0.7804748005701125</td><td>0.7110377286150351</td><td>-0.03352295980671786</td><td>0.9944332978303857</td><td>49.78287822879077</td><td>0.9729364227178123</td><td>0.9030344496190486</td><td>1.3693305655846135</td></tr>\n",
       "<tr><td>0001-120</td><td>0.07282342412197838</td><td>0.14839999999999998</td><td>0.14862223343295053</td><td>1.0204794846922574</td><td>0.3102386470908995</td><td>-11.816218379326092</td><td>0.29214212886423696</td><td>0.33998919727933147</td><td>-1.1055086430294574</td><td>-0.047026075833400675</td><td>0.3186710988615711</td><td>0.3276729824952439</td><td>0.023136047198045545</td><td>1.1065083875059967</td><td>267.56422321802506</td><td>-3.4691211314072885</td><td>-0.14351526779930124</td><td>3.5278552210909058</td></tr>\n",
       "<tr><td>0002+051</td><td>0.16441624418151832</td><td>0.31449999999999995</td><td>0.3147054323091073</td><td>1.3342312881365477</td><td>0.055566707261366505</td><td>5.403000767650242</td><td>0.043549317950419074</td><td>0.06716510720786427</td><td>0.014742633952533767</td><td>0.8272591315972021</td><td>0.17355218323785804</td><td>0.3175008552649058</td><td>-0.0011216091765115681</td><td>0.8273904858449941</td><td>1.0209634047502674</td><td>0.08494640446169774</td><td>2.6055335533095847</td><td>2.6091860568754117</td></tr>\n",
       "<tr><td>0002+541</td><td>0.09605221846642922</td><td>0.10749999999999998</td><td>0.1090556354174522</td><td>1.2681808047501304</td><td>0.13120835916273907</td><td>54.47359019646749</td><td>0.13042564468464754</td><td>0.14545837311323823</td><td>-0.40992185461797015</td><td>-0.21118295592259526</td><td>0.1626089240678413</td><td>0.1690180427984123</td><td>-0.00499149228818587</td><td>0.46112272527564835</td><td>242.74344649362047</td><td>-2.5209062600214276</td><td>-1.2494698934271358</td><td>3.0609288794261396</td></tr>\n",
       "<tr><td>0002-170</td><td>0.1295244409667281</td><td>0.3081</td><td>0.30958359682609665</td><td>1.324724085562965</td><td>0.12209945018003658</td><td>-16.8012994100183</td><td>0.09340584476751623</td><td>0.12802895680534068</td><td>0.12715348819956693</td><td>-0.694534132605895</td><td>0.17800240600062311</td><td>0.3219476072853055</td><td>-0.005139980720487984</td><td>0.706077666348356</td><td>169.62533108341157</td><td>0.7143357837484613</td><td>-2.1572893131968782</td><td>2.2197696728495346</td></tr>\n",
       "<tr><td>0002-478</td><td>0.06624331361080132</td><td>0.10759999999999999</td><td>0.1092520311826254</td><td>1.1485644787260738</td><td>0.32535001967377664</td><td>-47.60544549244506</td><td>0.38175267275937685</td><td>0.4046925099699907</td><td>0.10483375797278259</td><td>-0.23259781301021573</td><td>0.3320253181609285</td><td>0.39662685632585176</td><td>-0.03068195001551304</td><td>0.25513106323580287</td><td>155.7385165198541</td><td>0.31574025304290493</td><td>-0.5864398976027061</td><td>0.6146810169726248</td></tr>\n",
       "<tr><td>0003+123</td><td>0.10627813021774135</td><td>0.19479999999999997</td><td>0.1950656127762644</td><td>1.596067070703356</td><td>0.09160621405131131</td><td>12.598082696931419</td><td>0.05290845519420249</td><td>0.09314344710537147</td><td>0.04481240127648069</td><td>0.38344689343716704</td><td>0.14030944164735976</td><td>0.2018572382428654</td><td>-0.00037265422127114446</td><td>0.38605656501965935</td><td>6.665765589378843</td><td>0.31938264987974124</td><td>1.8995944697104261</td><td>1.9305633787434655</td></tr>\n",
       "<tr><td>...</td><td>...</td><td>...</td><td>...</td><td>...</td><td>...</td><td>...</td><td>...</td><td>...</td><td>...</td><td>...</td><td>...</td><td>...</td><td>...</td><td>...</td><td>...</td><td>...</td><td>...</td><td>...</td></tr>\n",
       "<tr><td>2355-291</td><td>0.18215301718819626</td><td>0.46609999999999996</td><td>0.46626921411265854</td><td>359.5707145768285</td><td>0.2917741873273835</td><td>-28.892806746178547</td><td>0.15628059416533086</td><td>0.2927803945582674</td><td>0.7392646337643922</td><td>1.0750427748007494</td><td>0.34396496632843065</td><td>0.49160231296513324</td><td>-0.01139571998261348</td><td>1.3046950472758359</td><td>34.514773575558884</td><td>2.1492439816051343</td><td>2.186813907193713</td><td>3.1750088485941816</td></tr>\n",
       "<tr><td>2355-534</td><td>0.03496351625011808</td><td>0.0385</td><td>0.03960777440453161</td><td>359.4719416213655</td><td>0.12014592035167172</td><td>-53.18713599970871</td><td>0.12934814562092342</td><td>0.142284498229031</td><td>0.5485611579909614</td><td>0.09685137172255052</td><td>0.12512989109610267</td><td>0.13495626245406922</td><td>-0.004345231521448765</td><td>0.5570453592490688</td><td>79.98731404618609</td><td>4.383933792203604</td><td>0.717650073893479</td><td>4.78194185670016</td></tr>\n",
       "<tr><td>2356+196</td><td>0.07417827219346457</td><td>0.08529999999999999</td><td>0.08557933596147392</td><td>359.6920214809813</td><td>0.12796945554793984</td><td>19.92230610536164</td><td>0.06602475035842119</td><td>0.1280856020827303</td><td>-0.661759316108756</td><td>-0.12780189706518283</td><td>0.14791415624896717</td><td>0.10786731506759514</td><td>0.0008934107146332532</td><td>0.6739871789212226</td><td>259.0693525245005</td><td>-4.473941730059234</td><td>-1.1848065096002034</td><td>4.570753985648204</td></tr>\n",
       "<tr><td>2356+385</td><td>0.030842247082975484</td><td>0.031599999999999996</td><td>0.03214246465445381</td><td>359.88825312006725</td><td>0.3122550702098679</td><td>38.845088418055596</td><td>0.14957294662511464</td><td>0.3125311707784482</td><td>0.53803191686671</td><td>-0.02860014944872091</td><td>0.31377455772719504</td><td>0.15287454451974467</td><td>-0.003657402006989085</td><td>0.5387915293652598</td><td>93.04280652391479</td><td>1.714708549870672</td><td>-0.1870824834740687</td><td>1.7156393541934234</td></tr>\n",
       "<tr><td>2356+390</td><td>0.09577664080314209</td><td>0.14239999999999997</td><td>0.14247775266342302</td><td>359.749395968046</td><td>0.5928529724592422</td><td>39.374529454485334</td><td>0.4178053965242822</td><td>0.5936923362406724</td><td>1.6025652201567084</td><td>-0.3042472002334761</td><td>0.6005396005904132</td><td>0.4414058329528652</td><td>-0.012814734361831046</td><td>1.6311902536815956</td><td>100.74967860660007</td><td>2.668542122086813</td><td>-0.6892686446804718</td><td>2.7268569025597946</td></tr>\n",
       "<tr><td>2356-069</td><td>0.12842693142195</td><td>0.19739999999999996</td><td>0.20615865405683867</td><td>359.8825670653929</td><td>0.14816351132364577</td><td>-6.662039755965288</td><td>0.12398443590817744</td><td>0.1574074712209744</td><td>0.04954878399836467</td><td>-0.15102496533359042</td><td>0.19607626781997448</td><td>0.23310705769553386</td><td>-0.004433697935256846</td><td>0.15894534327789783</td><td>161.83619536195658</td><td>0.2527015867308195</td><td>-0.6478781330200966</td><td>0.6753765895089889</td></tr>\n",
       "<tr><td>2357-318</td><td>0.03847108160117668</td><td>0.04939999999999999</td><td>0.05053685278249677</td><td>359.89788135333566</td><td>0.3169246232565594</td><td>-31.562173586538673</td><td>0.2743059946342464</td><td>0.3170875184285182</td><td>0.1864689033622592</td><td>0.2281392227132528</td><td>0.3192510625602936</td><td>0.27871874478097663</td><td>0.0012671694834175077</td><td>0.2946492098433843</td><td>39.26074267135219</td><td>0.5840823265139259</td><td>0.8185284520154167</td><td>0.998862635472849</td></tr>\n",
       "<tr><td>2357-326</td><td>0.1018819152558419</td><td>0.26239999999999997</td><td>0.26248432591237514</td><td>0.08499783888929553</td><td>0.1445922512977904</td><td>-32.35034287416735</td><td>0.12064481144837098</td><td>0.1459297058023392</td><td>6.269115707863178</td><td>0.6055024641682393</td><td>0.17688087457823676</td><td>0.28880604309711555</td><td>-0.0032277123137933123</td><td>6.2982890528055835</td><td>84.48320015009577</td><td>35.442586558957025</td><td>2.0965713101946055</td><td>35.70788441487609</td></tr>\n",
       "<tr><td>2358-161</td><td>0.10129550931840807</td><td>0.22609999999999997</td><td>0.22733864770189094</td><td>0.2722030739253465</td><td>0.20602077902948293</td><td>-15.851965536926414</td><td>0.1283223830435575</td><td>0.20605283885027792</td><td>-0.042597260315930835</td><td>0.7027350925170593</td><td>0.22957643955770096</td><td>0.2599766220066287</td><td>-0.004237376784197852</td><td>0.7040249547007429</td><td>356.5311814112519</td><td>-0.18554717721904815</td><td>2.7030703264508973</td><td>2.7030778481730002</td></tr>\n",
       "<tr><td>2359-221</td><td>0.1855389805384662</td><td>0.46729999999999994</td><td>0.47228145572921587</td><td>0.5499220984388309</td><td>0.4830680409810676</td><td>-21.8860734515098</td><td>0.3214542550971185</td><td>0.4831047772372843</td><td>1.7052699911337017</td><td>-1.1205647098222469</td><td>0.517474101300287</td><td>0.5671879125299157</td><td>-0.031861435374953145</td><td>2.0404928354591574</td><td>123.30966204208731</td><td>3.2953726318839367</td><td>-1.9756498420849966</td><td>3.6753725247744033</td></tr>\n",
       "</table>"
      ],
      "text/plain": [
       "<Table length=2820>\n",
       "iers_name       ra_err_1       ...       nor_dec             nor_sep      \n",
       "                  mas          ...                                        \n",
       "   str8         float64        ...       float64             float64      \n",
       "--------- -------------------- ... -------------------- ------------------\n",
       " 0000-197   0.2043727812594762 ...  0.18154164723418847   2.70320962823066\n",
       " 0000-199   0.1321846666876117 ...     -4.4257899633162 5.2818243603952375\n",
       " 0001+459  0.11585246722802883 ...   0.9030344496190486 1.3693305655846135\n",
       " 0001-120  0.07282342412197838 ... -0.14351526779930124 3.5278552210909058\n",
       " 0002+051  0.16441624418151832 ...   2.6055335533095847 2.6091860568754117\n",
       " 0002+541  0.09605221846642922 ...  -1.2494698934271358 3.0609288794261396\n",
       " 0002-170   0.1295244409667281 ...  -2.1572893131968782 2.2197696728495346\n",
       " 0002-478  0.06624331361080132 ...  -0.5864398976027061 0.6146810169726248\n",
       " 0003+123  0.10627813021774135 ...   1.8995944697104261 1.9305633787434655\n",
       "      ...                  ... ...                  ...                ...\n",
       " 2355-291  0.18215301718819626 ...    2.186813907193713 3.1750088485941816\n",
       " 2355-534  0.03496351625011808 ...    0.717650073893479   4.78194185670016\n",
       " 2356+196  0.07417827219346457 ...  -1.1848065096002034  4.570753985648204\n",
       " 2356+385 0.030842247082975484 ...  -0.1870824834740687 1.7156393541934234\n",
       " 2356+390  0.09577664080314209 ...  -0.6892686446804718 2.7268569025597946\n",
       " 2356-069     0.12842693142195 ...  -0.6478781330200966 0.6753765895089889\n",
       " 2357-318  0.03847108160117668 ...   0.8185284520154167  0.998862635472849\n",
       " 2357-326   0.1018819152558419 ...   2.0965713101946055  35.70788441487609\n",
       " 2358-161  0.10129550931840807 ...   2.7030703264508973 2.7030778481730002\n",
       " 2359-221   0.1855389805384662 ...  -1.9756498420849966 3.6753725247744033"
      ]
     },
     "execution_count": 3,
     "metadata": {},
     "output_type": "execute_result"
    }
   ],
   "source": [
    "com1 = radio_cat_diff_calc(icrf3sx, gdr2, sou_name=\"iers_name\")\n",
    "com1"
   ]
  },
  {
   "cell_type": "code",
   "execution_count": 4,
   "metadata": {},
   "outputs": [
    {
     "name": "stdout",
     "output_type": "stream",
     "text": [
      "[0.00454001 0.00434206 0.00458253 0.00481269 0.00453321 0.00431681]\n",
      "[[ 1.         -0.00745872 -0.02508901  0.01581301 -0.29735471  0.09615023]\n",
      " [-0.00745872  1.          0.00685353  0.28753324  0.00466684 -0.00370987]\n",
      " [-0.02508901  0.00685353  1.         -0.08203864 -0.03746342 -0.01383566]\n",
      " [ 0.01581301  0.28753324 -0.08203864  1.          0.04156129 -0.13870722]\n",
      " [-0.29735471  0.00466684 -0.03746342  0.04156129  1.         -0.16387021]\n",
      " [ 0.09615023 -0.00370987 -0.01383566 -0.13870722 -0.16387021  1.        ]]\n",
      "[0.00491534 0.00471108 0.00494997 0.00510932 0.00478591 0.00451208\n",
      " 0.00290686 0.00288013 0.00566141 0.00606059 0.00553811 0.00302972\n",
      " 0.00306516 0.00586294 0.00593018 0.00507342]\n",
      "[[ 1.00000000e+00 -5.18451398e-02  2.13737769e-02 -2.43991544e-02\n",
      "  -3.10033144e-01  1.66349003e-01 -1.72716492e-02  1.33440976e-01\n",
      "   2.29959569e-01 -2.02408219e-02 -4.08773371e-02 -1.51886012e-01\n",
      "  -1.31427300e-01 -4.16390784e-02  9.90351625e-03 -2.43125077e-01]\n",
      " [-5.18451398e-02  1.00000000e+00 -2.21495394e-02  3.11394605e-01\n",
      "   2.42884641e-02 -5.86026045e-02  6.34843970e-02  1.19737188e-02\n",
      "   1.77385659e-02 -2.11179274e-01  3.21650169e-02 -1.13891813e-01\n",
      "   1.30155209e-01  2.01958913e-01 -1.52532441e-02  1.95755764e-01]\n",
      " [ 2.13737769e-02 -2.21495394e-02  1.00000000e+00 -1.52992892e-01\n",
      "   2.52001132e-02 -5.01865922e-03 -1.27827929e-02  2.79388189e-02\n",
      "   9.80412908e-03 -1.01328090e-01 -2.87562472e-01 -4.26274357e-02\n",
      "  -1.55386987e-01 -1.26448036e-01 -1.22168748e-01 -3.11481073e-02]\n",
      " [-2.43991544e-02  3.11394605e-01 -1.52992892e-01  1.00000000e+00\n",
      "   4.66620407e-02 -1.22634454e-01  7.06396161e-02  5.26269348e-02\n",
      "  -2.98448479e-02  4.95433415e-02  1.11499234e-01  7.04996225e-03\n",
      "   1.32154675e-01  2.70653210e-01 -4.63127004e-02  3.02239586e-02]\n",
      " [-3.10033144e-01  2.42884641e-02  2.52001132e-02  4.66620407e-02\n",
      "   1.00000000e+00 -1.71758241e-01  7.37426330e-02 -7.57097460e-02\n",
      "  -9.55935533e-02 -1.48386612e-02 -1.20253436e-01  5.49164074e-02\n",
      "   1.02444010e-02  2.56892305e-02 -2.41657617e-01  6.80461540e-02]\n",
      " [ 1.66349003e-01 -5.86026045e-02 -5.01865922e-03 -1.22634454e-01\n",
      "  -1.71758241e-01  1.00000000e+00  1.05695774e-02  1.43006577e-01\n",
      "   8.84002935e-02  6.42681108e-02 -7.57443371e-03 -3.72508991e-02\n",
      "   2.45223801e-02 -3.08674185e-02 -5.10976635e-02 -2.35300613e-01]\n",
      " [-1.72716492e-02  6.34843970e-02 -1.27827929e-02  7.06396161e-02\n",
      "   7.37426330e-02  1.05695774e-02  1.00000000e+00  5.63844999e-02\n",
      "  -1.43600424e-01 -6.81076274e-02  1.21503300e-02  1.14274473e-02\n",
      "   1.80105789e-01  8.45567963e-03 -1.36294204e-02 -6.19875291e-02]\n",
      " [ 1.33440976e-01  1.19737188e-02  2.79388189e-02  5.26269348e-02\n",
      "  -7.57097460e-02  1.43006577e-01  5.63844999e-02  1.00000000e+00\n",
      "   1.67552817e-01 -2.43930420e-02 -1.97487966e-02 -1.86269007e-01\n",
      "   1.91681955e-02 -1.54382514e-02 -4.71015864e-02 -2.58314258e-02]\n",
      " [ 2.29959569e-01  1.77385659e-02  9.80412908e-03 -2.98448479e-02\n",
      "  -9.55935533e-02  8.84002935e-02 -1.43600424e-01  1.67552817e-01\n",
      "   1.00000000e+00  2.35534327e-02 -4.74590109e-02 -1.04957868e-02\n",
      "   8.10233684e-05 -7.09343109e-03  1.30870559e-01 -4.34366891e-02]\n",
      " [-2.02408219e-02 -2.11179274e-01 -1.01328090e-01  4.95433415e-02\n",
      "  -1.48386612e-02  6.42681108e-02 -6.81076274e-02 -2.43930420e-02\n",
      "   2.35534327e-02  1.00000000e+00  2.91459799e-02  2.45761184e-02\n",
      "   7.03930520e-02 -1.15878794e-01 -1.11570106e-02  2.69146145e-02]\n",
      " [-4.08773371e-02  3.21650169e-02 -2.87562472e-01  1.11499234e-01\n",
      "  -1.20253436e-01 -7.57443371e-03  1.21503300e-02 -1.97487966e-02\n",
      "  -4.74590109e-02  2.91459799e-02  1.00000000e+00  7.84233829e-02\n",
      "   2.51017903e-02  4.71309735e-02 -2.22909668e-02 -6.10560191e-03]\n",
      " [-1.51886012e-01 -1.13891813e-01 -4.26274357e-02  7.04996225e-03\n",
      "   5.49164074e-02 -3.72508991e-02  1.14274473e-02 -1.86269007e-01\n",
      "  -1.04957868e-02  2.45761184e-02  7.84233829e-02  1.00000000e+00\n",
      "   2.57927714e-02 -6.92355597e-02  7.02782406e-02  5.88831549e-02]\n",
      " [-1.31427300e-01  1.30155209e-01 -1.55386987e-01  1.32154675e-01\n",
      "   1.02444010e-02  2.45223801e-02  1.80105789e-01  1.91681955e-02\n",
      "   8.10233684e-05  7.03930520e-02  2.51017903e-02  2.57927714e-02\n",
      "   1.00000000e+00  1.22591133e-02  3.91506415e-02  5.22235651e-02]\n",
      " [-4.16390784e-02  2.01958913e-01 -1.26448036e-01  2.70653210e-01\n",
      "   2.56892305e-02 -3.08674185e-02  8.45567963e-03 -1.54382514e-02\n",
      "  -7.09343109e-03 -1.15878794e-01  4.71309735e-02 -6.92355597e-02\n",
      "   1.22591133e-02  1.00000000e+00 -1.60388416e-02  3.28621935e-02]\n",
      " [ 9.90351625e-03 -1.52532441e-02 -1.22168748e-01 -4.63127004e-02\n",
      "  -2.41657617e-01 -5.10976635e-02 -1.36294204e-02 -4.71015864e-02\n",
      "   1.30870559e-01 -1.11570106e-02 -2.22909668e-02  7.02782406e-02\n",
      "   3.91506415e-02 -1.60388416e-02  1.00000000e+00  8.75449467e-02]\n",
      " [-2.43125077e-01  1.95755764e-01 -3.11481073e-02  3.02239586e-02\n",
      "   6.80461540e-02 -2.35300613e-01 -6.19875291e-02 -2.58314258e-02\n",
      "  -4.34366891e-02  2.69146145e-02 -6.10560191e-03  5.88831549e-02\n",
      "   5.22235651e-02  3.28621935e-02  8.75449467e-02  1.00000000e+00]]\n"
     ]
    }
   ],
   "source": [
    "ra = deg2rad(np.array(com1[\"ra\"]))\n",
    "dec = deg2rad(np.array(com1[\"dec\"]))\n",
    "\n",
    "sig1, mat1 = covariance_analysis(com1[\"dra_err\"], com1[\"ddec_err\"], \n",
    "                                 ra, dec, \n",
    "                                 com1[\"dra_ddec_cov\"], deg=1)\n",
    "\n",
    "print(sig1)\n",
    "print(mat1)\n",
    "\n",
    "sig2, mat2 = covariance_analysis(com1[\"dra_err\"], com1[\"ddec_err\"], \n",
    "                                 ra, dec, \n",
    "                                 com1[\"dra_ddec_cov\"], deg=2)\n",
    "\n",
    "print(sig2)\n",
    "print(mat2)"
   ]
  },
  {
   "cell_type": "code",
   "execution_count": 5,
   "metadata": {},
   "outputs": [],
   "source": [
    "ra = deg2rad(np.array(com1[\"ra\"]))\n",
    "dec = deg2rad(np.array(com1[\"dec\"]))"
   ]
  },
  {
   "cell_type": "code",
   "execution_count": 6,
   "metadata": {},
   "outputs": [
    {
     "data": {
      "text/html": [
       "<i>Table length=602</i>\n",
       "<table id=\"table4798371856\" class=\"table-striped table-bordered table-condensed\">\n",
       "<thead><tr><th>iers_name</th><th>ra_err_1</th><th>dec_err_1</th><th>pos_err_1</th><th>ra</th><th>ra_err_2</th><th>dec</th><th>dec_err_2</th><th>pos_err_2</th><th>dra</th><th>ddec</th><th>dra_err</th><th>ddec_err</th><th>dra_ddec_cov</th><th>ang_sep</th><th>pa</th><th>nor_ra</th><th>nor_dec</th><th>nor_sep</th></tr></thead>\n",
       "<thead><tr><th></th><th>mas</th><th>mas</th><th>mas</th><th>deg</th><th>mas</th><th>deg</th><th>mas</th><th>mas</th><th>mas</th><th>mas</th><th>mas</th><th>mas</th><th></th><th>mas</th><th>deg</th><th></th><th></th><th></th></tr></thead>\n",
       "<thead><tr><th>str8</th><th>float64</th><th>float64</th><th>float64</th><th>float64</th><th>float64</th><th>float64</th><th>float64</th><th>float64</th><th>float64</th><th>float64</th><th>float64</th><th>float64</th><th>float64</th><th>float64</th><th>float64</th><th>float64</th><th>float64</th><th>float64</th></tr></thead>\n",
       "<tr><td>0002+541</td><td>0.07321584713652726</td><td>0.0905</td><td>0.09069246230326641</td><td>1.2681808047501304</td><td>0.13120835916273907</td><td>54.47359019646749</td><td>0.13042564468464754</td><td>0.14545837311323823</td><td>-0.45411284792742984</td><td>-0.2707829480641521</td><td>0.15025376463203063</td><td>0.15874853949377277</td><td>-0.003727539140538596</td><td>0.5287172057112142</td><td>239.19279902804362</td><td>-3.022305957122245</td><td>-1.7057350507137996</td><td>3.741251005371191</td></tr>\n",
       "<tr><td>0002-478</td><td>0.4516681517736428</td><td>1.0827</td><td>1.1267942729306641</td><td>1.1485644787260738</td><td>0.32535001967377664</td><td>-47.60544549244506</td><td>0.38175267275937685</td><td>0.4046925099699907</td><td>0.6243633804257308</td><td>0.2931021953145318</td><td>0.5566477832780306</td><td>1.1480306586319582</td><td>0.28988967902486107</td><td>0.6897380138247012</td><td>64.85268249941014</td><td>1.121648911900684</td><td>0.25530868283936314</td><td>1.157155702568186</td></tr>\n",
       "<tr><td>0003+380</td><td>0.05294498242586314</td><td>0.07369999999999999</td><td>0.07512354105978385</td><td>1.4882330572178368</td><td>0.2284371807502203</td><td>38.337539859379994</td><td>0.17763597364941844</td><td>0.22845829198943232</td><td>-6.376132375633046</td><td>5.4904320194282255</td><td>0.23449246621839212</td><td>0.1923180416247443</td><td>-0.0012219023295234066</td><td>8.414268110273087</td><td>310.73145440761704</td><td>-27.19120353186401</td><td>28.548710110834488</td><td>38.90289628435303</td></tr>\n",
       "<tr><td>0003-066</td><td>0.047850566755598754</td><td>0.10609999999999999</td><td>0.10909553579758349</td><td>1.5578870064695536</td><td>0.09430468606721869</td><td>-6.39314865050367</td><td>0.062095265856561006</td><td>0.09842497204589487</td><td>0.0071150834371831225</td><td>-0.602286790041262</td><td>0.10574994351331202</td><td>0.1229350724642768</td><td>-0.00033726817415251006</td><td>0.6023288154077682</td><td>179.32317079511805</td><td>0.06728214882013116</td><td>-4.899226705351135</td><td>4.899592120240274</td></tr>\n",
       "<tr><td>0006+061</td><td>0.11506188429537391</td><td>0.22569999999999998</td><td>0.23032386525156387</td><td>2.266383380171318</td><td>0.17901906469996773</td><td>6.472567215998765</td><td>0.15313678236923897</td><td>0.22300503470053573</td><td>-2.361468053522094</td><td>-2.195195554932638</td><td>0.21280757210130763</td><td>0.27274780313396413</td><td>0.012395496019406193</td><td>3.2241921301624443</td><td>227.08979382350066</td><td>-11.096729454710902</td><td>-8.048444496010973</td><td>12.526988769712025</td></tr>\n",
       "<tr><td>0007+106</td><td>0.04785840167457787</td><td>0.09199999999999998</td><td>0.09377908666520379</td><td>2.6291913864114305</td><td>0.07220077482853457</td><td>10.974862370062839</td><td>0.06707566002756404</td><td>0.0875928007083494</td><td>-0.4489669328141252</td><td>-0.15172622198633687</td><td>0.08662204394197813</td><td>0.11385580427950676</td><td>0.0013275555622592541</td><td>0.4739115457538151</td><td>251.3275644311395</td><td>-5.183056325880002</td><td>-1.3326173658556864</td><td>5.222514755409249</td></tr>\n",
       "<tr><td>0008-264</td><td>0.07845899574871043</td><td>0.2045</td><td>0.2069232370376186</td><td>2.7551948192602023</td><td>0.26474200864756736</td><td>-26.209271412091674</td><td>0.19152239774407323</td><td>0.2648242736959451</td><td>-0.26030687683467146</td><td>0.20723003473221976</td><td>0.2761234237739435</td><td>0.28018043978414875</td><td>-0.004838522774275751</td><td>0.3327220422853554</td><td>308.523260284166</td><td>-0.9427192857342639</td><td>0.7396306283617442</td><td>1.163551521194516</td></tr>\n",
       "<tr><td>0009+081</td><td>0.0753827899464934</td><td>0.1347</td><td>0.13617954520385336</td><td>2.8969567637520233</td><td>0.4088648539544437</td><td>8.398773893073095</td><td>0.28601859582721384</td><td>0.4824287694436389</td><td>-0.2441109279308928</td><td>0.3387368593621431</td><td>0.41575597869339864</td><td>0.31614984921548056</td><td>0.09720865712698112</td><td>0.4175318012149612</td><td>324.22156959689136</td><td>-0.5871495310736436</td><td>1.0714440010100013</td><td>2.3127327494862335</td></tr>\n",
       "<tr><td>0010-401</td><td>0.14923621425203867</td><td>0.43029999999999996</td><td>0.43227263006527267</td><td>3.249624229527692</td><td>0.23648674084073684</td><td>-39.90723759871797</td><td>0.16020543208446678</td><td>0.23708715979568837</td><td>0.08564517816944564</td><td>-1.4387153100869907</td><td>0.27963802716682545</td><td>0.4591556059435305</td><td>-0.01968183151855641</td><td>1.4412622384640423</td><td>176.59326409028807</td><td>0.3062715719931458</td><td>-3.1333937590297696</td><td>3.1383396481867822</td></tr>\n",
       "<tr><td>...</td><td>...</td><td>...</td><td>...</td><td>...</td><td>...</td><td>...</td><td>...</td><td>...</td><td>...</td><td>...</td><td>...</td><td>...</td><td>...</td><td>...</td><td>...</td><td>...</td><td>...</td><td>...</td></tr>\n",
       "<tr><td>2344-514</td><td>0.440286544231559</td><td>0.5203999999999999</td><td>0.6130431508621357</td><td>356.8327671194306</td><td>0.09620363272899034</td><td>-51.17668486107734</td><td>0.17676940392585874</td><td>0.18396332364344709</td><td>0.26083028743841374</td><td>0.5888784244234556</td><td>0.45067436135376393</td><td>0.5496031133138742</td><td>0.1302433028546063</td><td>0.6440576353065439</td><td>23.88985694298238</td><td>0.5787555490286054</td><td>1.0714612238507308</td><td>1.071613220122173</td></tr>\n",
       "<tr><td>2345+061</td><td>0.12088793212129043</td><td>0.31689999999999996</td><td>0.3213168900360463</td><td>357.1323778683619</td><td>0.22823490126270518</td><td>6.416606233815554</td><td>0.12137486890215353</td><td>0.233130161704854</td><td>-0.32535195669063416</td><td>-0.47603599462320284</td><td>0.25827323184363976</td><td>0.33934859481220037</td><td>-0.00634722864299174</td><td>0.5765970550560645</td><td>214.35107691431517</td><td>-1.2597200041528278</td><td>-1.4027934752069533</td><td>1.9572342386116257</td></tr>\n",
       "<tr><td>2346+385</td><td>0.05738088423364556</td><td>0.0764</td><td>0.07985413528062846</td><td>357.3367771787165</td><td>0.14834582694509432</td><td>38.82154403417471</td><td>0.11941965356905183</td><td>0.14964461907472293</td><td>0.12151699029177083</td><td>0.006971063726268766</td><td>0.15905675165631578</td><td>0.14176746332834045</td><td>0.00048393397572672986</td><td>0.12171678051544918</td><td>86.71671228290187</td><td>0.7639851123977464</td><td>0.04917252211901004</td><td>0.7646881955790459</td></tr>\n",
       "<tr><td>2351+456</td><td>0.06484235919660702</td><td>0.07949999999999999</td><td>0.08547285887548627</td><td>358.5903342320278</td><td>1.39309475662538</td><td>45.88451064719807</td><td>1.1604676214052376</td><td>1.5303285133444786</td><td>0.29897769979017985</td><td>-1.7583130471621187</td><td>1.3946030017475612</td><td>1.1631875817467834</td><td>0.6301338714535962</td><td>1.7835505142250279</td><td>170.34991253407145</td><td>0.21438194196881427</td><td>-1.511633269435032</td><td>1.7440563463572145</td></tr>\n",
       "<tr><td>2351-154</td><td>0.05746133830379258</td><td>0.1351</td><td>0.13647293402161054</td><td>358.625813243284</td><td>0.22064935989437928</td><td>-15.219781404437484</td><td>0.1953222385688152</td><td>0.22787521178356082</td><td>0.002631731910548669</td><td>0.09567494316797819</td><td>0.22800865207588553</td><td>0.23749270910816012</td><td>0.004291733708655017</td><td>0.09571113186586426</td><td>1.5756384402878505</td><td>0.011542245816499892</td><td>0.4028542329878658</td><td>0.4033729802680624</td></tr>\n",
       "<tr><td>2353+816</td><td>0.05908205771265664</td><td>0.06949999999999999</td><td>0.06958024026500542</td><td>359.0949754065759</td><td>0.9286835857779061</td><td>81.88118209827977</td><td>0.7999164228476088</td><td>0.9954909124021722</td><td>-0.48631635226021347</td><td>-0.3786071999911655</td><td>0.9305610630350225</td><td>0.8029299680179551</td><td>-0.21233463030147634</td><td>0.6163172935759879</td><td>232.0985145946944</td><td>-0.522605524321095</td><td>-0.47153203276963634</td><td>0.8314760619328745</td></tr>\n",
       "<tr><td>2354-021</td><td>0.10269522228975193</td><td>0.21569999999999998</td><td>0.21702285619669456</td><td>359.3547414105682</td><td>0.1928140265069628</td><td>-1.870974822175</td><td>0.10863145243891671</td><td>0.20196813879926803</td><td>0.03123764575791159</td><td>-0.07737000000673787</td><td>0.21845722121039926</td><td>0.24151041894499833</td><td>0.005661349074691599</td><td>0.08343804536025153</td><td>158.01392005136952</td><td>0.1429920493579206</td><td>-0.32035884971222767</td><td>0.3666819345533027</td></tr>\n",
       "<tr><td>2355-106</td><td>0.06714253175753652</td><td>0.15019999999999997</td><td>0.15443126368875548</td><td>359.54534323723965</td><td>0.1905380579442601</td><td>-10.335725403055726</td><td>0.15167895191516934</td><td>0.1911705200173323</td><td>0.19556153994373357</td><td>0.25010061222019425</td><td>0.20202195696503392</td><td>0.21346321569320612</td><td>-0.00680094157050702</td><td>0.3174817036272807</td><td>38.02297098909339</td><td>0.9680212135435431</td><td>1.1716333018221003</td><td>1.6539512612423382</td></tr>\n",
       "<tr><td>2355-534</td><td>0.1686158265281916</td><td>0.28369999999999995</td><td>0.2947524347259804</td><td>359.4719416213655</td><td>0.12014592035167172</td><td>-53.18713599970871</td><td>0.12934814562092342</td><td>0.142284498229031</td><td>0.8132592645177662</td><td>0.1774513719965398</td><td>0.20704187772751542</td><td>0.3117958190476126</td><td>0.014812313478607252</td><td>0.8323939096049612</td><td>77.69111080002</td><td>3.927994053396695</td><td>0.5691268489057006</td><td>3.942791184906094</td></tr>\n",
       "<tr><td>2357-318</td><td>0.23529987104942013</td><td>0.4922999999999999</td><td>0.5068804649437031</td><td>359.89788135333566</td><td>0.3169246232565594</td><td>-31.562173586538673</td><td>0.2743059946342464</td><td>0.3170875184285182</td><td>0.5502187203748402</td><td>0.029539225465669002</td><td>0.3947242659657319</td><td>0.5635628347329897</td><td>-0.052572599452493735</td><td>0.5510110761972379</td><td>86.92694983824887</td><td>1.3939318349954386</td><td>0.05241514103687193</td><td>1.4482672895770008</td></tr>\n",
       "</table>"
      ],
      "text/plain": [
       "<Table length=602>\n",
       "iers_name       ra_err_1       ...       nor_dec             nor_sep      \n",
       "                  mas          ...                                        \n",
       "   str8         float64        ...       float64             float64      \n",
       "--------- -------------------- ... -------------------- ------------------\n",
       " 0002+541  0.07321584713652726 ...  -1.7057350507137996  3.741251005371191\n",
       " 0002-478   0.4516681517736428 ...  0.25530868283936314  1.157155702568186\n",
       " 0003+380  0.05294498242586314 ...   28.548710110834488  38.90289628435303\n",
       " 0003-066 0.047850566755598754 ...   -4.899226705351135  4.899592120240274\n",
       " 0006+061  0.11506188429537391 ...   -8.048444496010973 12.526988769712025\n",
       " 0007+106  0.04785840167457787 ...  -1.3326173658556864  5.222514755409249\n",
       " 0008-264  0.07845899574871043 ...   0.7396306283617442  1.163551521194516\n",
       " 0009+081   0.0753827899464934 ...   1.0714440010100013 2.3127327494862335\n",
       " 0010-401  0.14923621425203867 ...  -3.1333937590297696 3.1383396481867822\n",
       "      ...                  ... ...                  ...                ...\n",
       " 2344-514    0.440286544231559 ...   1.0714612238507308  1.071613220122173\n",
       " 2345+061  0.12088793212129043 ...  -1.4027934752069533 1.9572342386116257\n",
       " 2346+385  0.05738088423364556 ...  0.04917252211901004 0.7646881955790459\n",
       " 2351+456  0.06484235919660702 ...   -1.511633269435032 1.7440563463572145\n",
       " 2351-154  0.05746133830379258 ...   0.4028542329878658 0.4033729802680624\n",
       " 2353+816  0.05908205771265664 ... -0.47153203276963634 0.8314760619328745\n",
       " 2354-021  0.10269522228975193 ... -0.32035884971222767 0.3666819345533027\n",
       " 2355-106  0.06714253175753652 ...   1.1716333018221003 1.6539512612423382\n",
       " 2355-534   0.1686158265281916 ...   0.5691268489057006  3.942791184906094\n",
       " 2357-318  0.23529987104942013 ...  0.05241514103687193 1.4482672895770008"
      ]
     },
     "execution_count": 6,
     "metadata": {},
     "output_type": "execute_result"
    }
   ],
   "source": [
    "com2 = radio_cat_diff_calc(icrf3k, gdr2, sou_name=\"iers_name\")\n",
    "com2"
   ]
  },
  {
   "cell_type": "code",
   "execution_count": 7,
   "metadata": {},
   "outputs": [
    {
     "name": "stdout",
     "output_type": "stream",
     "text": [
      "[0.00909066 0.00846458 0.00916755 0.01018809 0.00950697 0.00754858]\n",
      "[[ 1.00000000e+00 -6.54797639e-03  3.74560259e-03  5.96077051e-02\n",
      "  -3.87175687e-01  1.55271106e-01]\n",
      " [-6.54797639e-03  1.00000000e+00  5.80187645e-02  3.91023407e-01\n",
      "   4.54747710e-02 -2.21183785e-02]\n",
      " [ 3.74560259e-03  5.80187645e-02  1.00000000e+00 -7.70656596e-02\n",
      "  -3.08737753e-02 -9.52381528e-02]\n",
      " [ 5.96077051e-02  3.91023407e-01 -7.70656596e-02  1.00000000e+00\n",
      "   1.40645159e-04 -9.01470344e-02]\n",
      " [-3.87175687e-01  4.54747710e-02 -3.08737753e-02  1.40645159e-04\n",
      "   1.00000000e+00 -1.43384196e-01]\n",
      " [ 1.55271106e-01 -2.21183785e-02 -9.52381528e-02 -9.01470344e-02\n",
      "  -1.43384196e-01  1.00000000e+00]]\n",
      "[0.01056415 0.01046413 0.01035045 0.0114301  0.01100309 0.00807587\n",
      " 0.00517148 0.00544264 0.01180012 0.01261795 0.0123949  0.00603196\n",
      " 0.00611243 0.01234355 0.0125484  0.00964178]\n",
      "[[ 1.00000000e+00 -3.32134270e-02  7.09186456e-03  5.73901187e-03\n",
      "  -5.16033693e-01  1.94827606e-01 -5.13752712e-02  1.67046166e-01\n",
      "   3.59993246e-01  3.77410860e-02 -4.82264375e-02 -8.84443827e-02\n",
      "  -7.37545533e-02 -1.81118277e-02  3.44418884e-01 -1.60336829e-01]\n",
      " [-3.32134270e-02  1.00000000e+00  5.95242164e-02  5.04831765e-01\n",
      "   2.20798687e-02 -6.05549142e-02  3.03728040e-02 -3.67895734e-02\n",
      "   2.94884115e-02 -3.86571382e-01 -1.74615984e-03 -3.79463507e-02\n",
      "   3.06430834e-02  5.02335355e-01 -4.75011729e-03  8.14667558e-02]\n",
      " [ 7.09186456e-03  5.95242164e-02  1.00000000e+00 -5.94820777e-02\n",
      "   2.76631482e-02 -7.88269162e-02  3.65290915e-03 -8.05609841e-03\n",
      "   1.29577505e-02 -1.06992890e-01 -4.13685722e-01  2.49679538e-02\n",
      "  -1.44870063e-01 -2.53319948e-02 -6.36011880e-02  1.94263981e-03]\n",
      " [ 5.73901187e-03  5.04831765e-01 -5.94820777e-02  1.00000000e+00\n",
      "   1.05471245e-02 -7.85693266e-02 -4.13727255e-03 -3.70005292e-02\n",
      "  -3.96645431e-02 -1.12903135e-01 -4.28757133e-02  4.26021073e-02\n",
      "   9.88939152e-02  4.27994149e-01 -3.95636038e-02 -5.98630772e-04]\n",
      " [-5.16033693e-01  2.20798687e-02  2.76631482e-02  1.05471245e-02\n",
      "   1.00000000e+00 -1.40825814e-01  8.16365455e-02 -3.53851216e-02\n",
      "  -2.63979604e-01 -3.00301297e-04 -4.47291565e-02  4.75009844e-02\n",
      "   2.63253289e-02 -4.43988221e-02 -4.49037453e-01  1.17148056e-01]\n",
      " [ 1.94827606e-01 -6.05549142e-02 -7.88269162e-02 -7.85693266e-02\n",
      "  -1.40825814e-01  1.00000000e+00 -1.14683936e-02  1.64997309e-01\n",
      "   6.21990683e-02  3.63458034e-02  1.12060959e-02 -3.31571706e-02\n",
      "  -3.89200019e-03 -6.44729757e-03 -5.19827551e-02 -2.94821926e-01]\n",
      " [-5.13752712e-02  3.03728040e-02  3.65290915e-03 -4.13727255e-03\n",
      "   8.16365455e-02 -1.14683936e-02  1.00000000e+00  8.06803689e-02\n",
      "  -1.18367546e-01 -1.15789740e-02 -5.41757635e-03  5.94425712e-02\n",
      "   2.44118279e-01 -9.55353774e-03 -1.83468383e-02  9.66197188e-03]\n",
      " [ 1.67046166e-01 -3.67895734e-02 -8.05609841e-03 -3.70005292e-02\n",
      "  -3.53851216e-02  1.64997309e-01  8.06803689e-02  1.00000000e+00\n",
      "   1.58870158e-01  3.14457330e-02 -1.58721199e-02 -2.57888849e-01\n",
      "   8.90432445e-02 -6.31511622e-02 -9.50020273e-02  5.44345337e-02]\n",
      " [ 3.59993246e-01  2.94884115e-02  1.29577505e-02 -3.96645431e-02\n",
      "  -2.63979604e-01  6.21990683e-02 -1.18367546e-01  1.58870158e-01\n",
      "   1.00000000e+00 -1.18252875e-02 -4.98733981e-02 -2.35034027e-02\n",
      "   2.92655437e-02 -3.65513155e-02  2.58121307e-01 -7.31352236e-02]\n",
      " [ 3.77410860e-02 -3.86571382e-01 -1.06992890e-01 -1.12903135e-01\n",
      "  -3.00301297e-04  3.63458034e-02 -1.15789740e-02  3.14457330e-02\n",
      "  -1.18252875e-02  1.00000000e+00 -5.00295316e-03  1.13835908e-02\n",
      "   7.81535062e-02 -2.38805667e-01 -3.74038732e-02  4.20916704e-02]\n",
